%%Generated by Zebu
%%Module name: top
33 15 11 22
%%============================================================
%%HYPEREDGES
%%============================================================
1.000 0 1
1.000 1 0
1.000 9 0
1.000 0 1
1.000 0 1
1.000 1 0
1.000 1 0
1.000 1 0
1.000 1 0
1.000 1 0
1.000 1 0
1.000 1 0
1.000 1 0
1.000 1 0
1.000 1 0
1.000 0 1
1.000 0 0 1
1.000 0 0 1
1.000 0 0 1
1.000 0 0 1
1.000 0 0 1
1.000 0 0 1
1.000 0 0 1
1.000 0 1
1.000 6 0 1 8 12 13
1.000 6 0 1 7 10 11
1.000 2 9
1.000 6 0 0 0 1 1 1 9 10 11 12 13
1.000 10 11 12 13
1.000 6 0 1 1 7 8 9
1.000 8 0 1
1.000 7 0 1
1.000 1 0
%%============================================================
%%VERTICES
%%============================================================
%%LUT,LUT6,RAM,REG,DSP,RAMLUT,FWC_IP_NUM,FWC_IP_BITS,QIWC_IP_BITS,READ_PORT_IPS,READ_PORT_BITS,WRITE_PORT_IPS,WRITE_PORT_BITS,ZC_TRACE_BIT,ZCEI_MESSAGE_INPUT,ZCEI_MESSAGE_OUTPUT,FW_RESOURCES,ZPRD_BB,ZFORCE,ZVIEW,ZRM_SLOTS,ZRM_PORTS
1678.00 22.00 0.00 1741.60 0.00 0.00 1.00 25.00 0.00 0.00 0.00 0.00 0.00 0.00 0.00 0.00 0.00 0.00 0.00 0.00 0.00 0.00 
3301.00 7.00 0.00 3851.20 0.00 72.00 2.00 107.00 0.00 0.00 0.00 0.00 0.00 0.00 0.00 0.00 0.00 0.00 0.00 0.00 0.00 0.00 
0.10 0.00 0.00 0.00 0.00 0.00 0.00 0.00 0.00 0.00 0.00 0.00 0.00 0.00 0.00 0.00 0.00 0.00 0.00 0.00 0.00 0.00 
0.10 0.00 0.00 0.00 0.00 0.00 0.00 0.00 0.00 0.00 0.00 0.00 0.00 0.00 0.00 0.00 0.00 0.00 0.00 0.00 0.00 0.00 
0.10 0.00 0.00 0.00 0.00 0.00 0.00 0.00 0.00 0.00 0.00 0.00 0.00 0.00 0.00 0.00 0.00 0.00 0.00 0.00 0.00 0.00 
0.10 0.00 0.00 0.00 0.00 0.00 0.00 0.00 0.00 0.00 0.00 0.00 0.00 0.00 0.00 0.00 0.00 0.00 0.00 0.00 0.00 0.00 
0.10 0.00 0.00 0.00 0.00 0.00 0.00 0.00 0.00 0.00 0.00 0.00 0.00 0.00 0.00 0.00 0.00 0.00 0.00 0.00 0.00 0.00 
0.10 0.00 0.00 0.00 0.00 0.00 0.00 0.00 0.00 0.00 0.00 0.00 0.00 0.00 0.00 0.00 0.00 0.00 0.00 0.00 0.00 0.00 
0.10 0.00 0.00 0.00 0.00 0.00 0.00 0.00 0.00 0.00 0.00 0.00 0.00 0.00 0.00 0.00 0.00 0.00 0.00 0.00 0.00 0.00 
72.00 0.00 0.00 73.00 0.00 0.00 0.00 1.00 0.00 0.00 0.00 0.00 0.00 0.00 0.00 0.00 0.00 0.00 0.00 0.00 0.00 0.00 
72.00 0.00 0.00 72.00 0.00 0.00 0.00 1.00 0.00 0.00 0.00 0.00 0.00 0.00 0.00 0.00 0.00 0.00 0.00 0.00 0.00 0.00 
72.00 0.00 0.00 72.00 0.00 0.00 0.00 1.00 0.00 0.00 0.00 0.00 0.00 0.00 0.00 0.00 0.00 0.00 0.00 0.00 0.00 0.00 
72.00 0.00 0.00 72.00 0.00 0.00 0.00 1.00 0.00 0.00 0.00 0.00 0.00 0.00 0.00 0.00 0.00 0.00 0.00 0.00 0.00 0.00 
72.00 0.00 0.00 72.00 0.00 0.00 0.00 1.00 0.00 0.00 0.00 0.00 0.00 0.00 0.00 0.00 0.00 0.00 0.00 0.00 0.00 0.00 
0.10 0.00 0.00 0.00 0.00 0.00 0.00 0.00 0.00 0.00 0.00 0.00 0.00 0.00 0.00 0.00 0.00 0.00 0.00 0.00 0.00 0.00 
